4294967279,37
4294967279,34
4294967279,33
4294967279,32
4294967279,31
4294967278,239
4294967278,313
4294967278,386
4294967278,235
4294967278,233
4294967278,231
4294967278,229
4294967278,227
4294967278,225
4294967279,29
4294967279,28
4294967279,27
4294967279,26
4294967278,223
4294967278,221
4294967278,219
4294967278,217
4294967278,215
4294967279,25
4294967279,23
4294967279,22
4294967279,21
4294967279,18
4294967279,17
4294967279,15
4294967294,155
4294967294,50
4294967294,1416
4294967294,417
4294967294,51
4294967294,52
4294967294,1048
4294967279,337
4294967278,370
4294967278,350
4294967278,311
4294967278,310
4294967278,309
4294967278,383
4294967278,308
4294967279,13
4294967279,12
4294967279,11
4294967278,349
4294967278,369
4294967278,355
4294967278,385
4294967279,562
101,4
100,4
108,4
108,5
114,4
114,5
111,4
111,6
4294967278,307
4294967279,328
4294967278,348
4294967279,327
4294967278,384
4294967279,326
4294967278,289
4294967278,347
4294967279,561
4294967278,306
4294967278,368
4294967278,382
4294967279,303
4294967278,305
4294967278,304
4294967278,345
4294967278,344
4294967294,82
4294967278,271
4294967278,389
4294967278,367
4294967278,303
4294967278,388
4294967279,539
92,2
4294967278,381
4294967279,286
4294967278,343
4294967279,336
4294967279,0
92,5
92,6
4294967278,365
4294967294,482
102,4
105,4
92,1
4294967278,179
92,4
4294967294,481
4294967294,6
4294967294,5
4294967294,22
4294967294,99
4294967294,480
4294967294,205
4294967294,11
4294967278,132
4294967278,131
4294967278,130
4294967278,129
4294967278,128
4294967278,127
4294967278,126
4294967278,125
4294967278,124
4294967278,123
4294967278,122
4294967278,121
4294967278,120
4294967278,119
4294967278,118
4294967278,117
4294967278,116
4294967278,115
4294967278,114
4294967278,113
4294967278,112
4294967278,111
4294967278,110
4294967278,109
4294967278,108
4294967278,107
4294967278,106
4294967278,105
4294967278,104
4294967278,103
4294967278,102
4294967278,101
4294967278,100
4294967278,99
4294967278,98
4294967278,97
4294967278,96
4294967278,95
4294967278,94
4294967278,93
4294967278,92
4294967278,91
4294967278,90
4294967278,89
4294967278,87
4294967278,86
4294967278,85
4294967278,84
4294967278,83
4294967278,82
4294967278,81
4294967278,80
4294967278,79
4294967278,78
4294967278,77
4294967278,76
4294967278,75
4294967278,74
4294967278,73
4294967278,72
4294967278,71
4294967278,70
4294967278,69
4294967278,68
4294967278,67
4294967278,66
4294967278,65
4294967278,63
4294967278,0
4294967278,346
4294967279,83
4294967279,76
4294967279,75
4294967279,74
4294967279,73
4294967279,66
4294967279,65
4294967279,63
4294967279,58
4294967279,56
4294967279,54
4294967279,53
4294967279,52
4294967279,49
4294967279,46
4294967279,45
4294967279,44
4294967279,40
4294967279,36
4294967279,35
4294967279,30
4294967279,20
4294967279,19
4294967279,16
4294967279,14
4294967279,10
4294967279,9
4294967279,8
4294967279,7
4294967279,6
4294967279,5
4294967279,4
4294967278,64
4294967294,30
4294967294,1061
4294967294,157
4294967294,156
4294967294,1070
4294967294,1069
4294967294,1067
4294967294,1066
4294967294,1050
4294967294,436
4294967294,158
4294967294,60
4294967294,12
4294967294,68
4294967279,176
4294967294,81
4294967279,535
4294967279,170
4294967294,37
119,6
119,5
119,4
119,3
119,2
119,1
4294967294,40
4294967294,437
4294967294,46
4294967294,2
4294967279,155
4294967279,334
4294967279,538
4294967279,42
117,6
117,3
117,2
117,1
4294967279,522
4294967279,141
116,6
116,3
116,2
116,1
4294967279,137
0,7
4294967294,96
4294967294,94
4294967279,553
4294967294,0
4294967294,93
4294967294,95
4294967294,17
4294967294,67
4294967294,25
4294967294,92
4294967294,88
4294967294,85
4294967294,1414
4294967294,83
4294967294,419
4294967294,1049
4294967294,28
4294967294,27
4294967294,1074
4294967294,26
4294967294,53
4294967294,1
4294967294,45
4294967294,427
4294967294,44
4294967294,43
4294967294,202
4294967279,24
4294967279,521
4294967278,392
4294967294,7
0,5
4294967279,335
4294967293,131
4294967293,130
4294967293,129
4294967293,128
4294967293,127
4294967293,126
4294967293,125
4294967293,124
4294967293,123
4294967293,122
4294967293,121
4294967293,120
4294967293,119
4294967293,118
4294967293,117
4294967293,116
4294967293,115
4294967293,114
4294967293,113
4294967293,112
4294967293,111
4294967293,110
4294967293,109
4294967293,108
4294967293,107
4294967293,106
4294967293,105
4294967293,104
4294967293,103
4294967293,102
4294967293,101
